function y = init_changed(x1,x2,x3)
    % x1表示 需要修正的标准分
    % x2表示 该份试卷对应的极差
    % x3表示 第一阶段5个或第二阶段3个打分成绩的均值
    % x4表示 排序后中位数，小于中位数的（一位或两位）均值
    % x5表示 排序后中位数，大于中位数的（一位或两位）均值
    % y表示 复议分和标准分之间的差值
    % res表示 修正后的标准分(即复议分)
    
    y = -0.4794 *x1  -0.2981*x2 + 0.1338 *x3 - 0.0153*x1.*x2 + 0.0185*x2.*x3 + 0.0049*x1.*x3 - 0.0020*x1.^2 + 0.0017*x2.^2 -0.0007*x3.^2 +  14.2384;
    res = y + x1;
% -----------------------------------参数估计-----------------------------------
%       变量               估计值            标准误             t值          p值
%      常数项              0.0656           0.0728           0.9019      0.3678
%         Z1             -1.0379           0.0290         -35.7950      0.0000
%         Z2             -0.0046           0.0398          -0.1159      0.9078
%         Z3              0.4357           0.0270          16.1332      0.0000
%      Z1*Z2             -0.0986           0.0204          -4.8332      0.0000
%      Z1*Z3              0.1065           0.0842           1.2642      0.2070
%      Z2*Z3              0.0430           0.0236           1.8247      0.0689
%      Z1*Z1             -0.1079           0.0944          -1.1427      0.2540
%      Z2*Z2              0.0112           0.0129           0.8682      0.3859
%      Z3*Z3             -0.0156           0.0262          -0.5946      0.5525

    
    
end
