function y = init_changed_Down(x1,x2,x3,x4, x5)
    % x1表示 需要修正的标准分
    % x2表示 该份试卷对应的极差
    % x3表示 第一阶段5个或第二阶段3个打分成绩的均值
    % x4表示 排序后中位数，小于中位数的（一位或两位）均值
    % x5表示 排序后中位数，大于中位数的（一位或两位）均值
    % y表示 复议分和标准分之间的差值
    % res表示 修正后的标准分(即复议分)
    
    y = -51.8534*x1 + 10.1119*x2 - 4.4765*x3 + 11.5335*x4 + 44.8110*x5 -0.4125*x1.*x2 + 0.9088*x1.*x3 - 0.2096*x1.*x4 - 0.8096*x1.*x5 + 0.2638*x2.*x3 - 0.0914*x2.*x4 + 0.1023*x2.*x5 - 0.0531*x3.*x4 + 0.1054*x3.*x5 + 0.4026*x4.*x5 + 0.1912*x1.^2 + 0.0396*x2.^2 - 0.6149*x3.^2 - 0.07776*x4.^2 + 0.1427*x5.^2 + 1385.9955;
    
% ------------------------------------方差分析表------------------------------------
% 方差来源    自由度            平方和             均方             F值          p值
% 回归      20.0000       10104.8224         505.2411        917.7030      0.0000
% 残差     168.0000          92.4924           0.5505
% 总计     188.0000       10197.3148
% 
%        均方根误差(Root MSE)         0.7420           判定系数(R-Square)    0.9909
%  因变量均值(Dependent Mean)       -11.5872        调整的判定系数(Adj R-Sq)    0.9898
% 
% -----------------------------------参数估计-----------------------------------
%       变量               估计值            标准误             t值          p值
%      常数项           1385.9955         442.3886           3.1330      0.0020
%         Z1            -51.8534          15.2636          -3.3972      0.0009
%         Z2             10.1119           8.0145           1.2617      0.2088
%         Z3             -4.4765          15.2587          -0.2934      0.7696
%         Z4             11.5335           8.7122           1.3238      0.1874
%         Z5             44.8110          14.5922           3.0709      0.0025
%      Z1*Z2             -0.4125           0.1523          -2.7077      0.0075
%      Z1*Z3              0.9088           0.4744           1.9157      0.0571
%      Z1*Z4             -0.2096           0.2011          -1.0419      0.2990
%      Z1*Z5             -0.8096           0.2808          -2.8832      0.0045
%      Z2*Z3              0.2638           0.1552           1.6999      0.0910
%      Z2*Z4             -0.0914           0.0754          -1.2122      0.2271
%      Z2*Z5              0.1023           0.1675           0.6103      0.5425
%      Z3*Z4             -0.0531           0.2055          -0.2586      0.7962
%      Z3*Z5              0.1054           0.4512           0.2336      0.8156
%      Z4*Z5              0.4026           0.1653           2.4352      0.0159
%      Z1*Z1              0.1912           0.2009           0.9517      0.3426
%      Z2*Z2              0.0396           0.0347           1.1434      0.2545
%      Z3*Z3             -0.6149           0.3040          -2.0224      0.0447
%      Z4*Z4             -0.0776           0.0661          -1.1748      0.2417
%      Z5*Z5              0.1472           0.1502           0.9799      0.3285
    
    
end
