function y = init_changed_Up(x1,x2,x3,x4, x5)
    % x1表示 需要修正的标准分
    % x2表示 该份试卷对应的极差
    % x3表示 第一阶段5个或第二阶段3个批语成绩的均值
    % x4表示 排序后中位数，小于中位数的（一位或两位）均值
    % x5表示 排序后中位数，大于中位数的（一位或两位）均值
    % y表示 复议分和标准分之间的差值
    % res表示 修正后的标准分(即复议分)
    
    y = 7.7114*x1 + 4.5894*x2 - 25.0381*x3 + 11.7013*x4 +7.0619*x5 -0.1738*x1.*x2 + 0.5863*x1.*x3 + 0.2295*x1.*x4 + 0.3168*x1.*x5 + 0.0759*x2.*x3 + 0.049*x2.*x4 - 0.0879*x2.*x5 - 0.3585*x3.*x4 -0.4335*x3.*x5 -0.1064*x4.*x5 - 0.4350*x1.^2 + 0.0279*x2.^2 - 0.0021*x3.^2 + 0.07*x4.^2 + 0.178*x5.^2 + 482.3251;
    
% ------------------------------------方差分析表------------------------------------
% 方差来源    自由度            平方和             均方             F值          p值
% 回归      20.0000        5518.1293         275.9065       4020.4860      0.0000
% 残差     146.0000          10.0193           0.0686
% 总计     166.0000        5528.1486
% 
%        均方根误差(Root MSE)         0.2620           判定系数(R-Square)    0.9982
%  因变量均值(Dependent Mean)        10.7289        调整的判定系数(Adj R-Sq)    0.9979
% 
% -----------------------------------参数估计-----------------------------------
%       变量               估计值            标准误             t值          p值
%      常数项            482.3251         158.4663           3.0437      0.0028
%         Z1              7.7114           7.8832           0.9782      0.3296
%         Z2              4.5894           2.7415           1.6740      0.0963
%         Z3            -25.0381           5.9393          -4.2157      0.0000
%         Z4             11.7013           4.8666           2.4044      0.0175
%         Z5              7.0619           7.9323           0.8903      0.3748
%      Z1*Z2             -0.1738           0.0704          -2.4679      0.0147
%      Z1*Z3              0.5863           0.1523           3.8506      0.0002
%      Z1*Z4              0.2295           0.1143           2.0072      0.0466
%      Z1*Z5              0.3168           0.2183           1.4515      0.1488
%      Z2*Z3              0.0759           0.0364           2.0885      0.0385
%      Z2*Z4              0.0490           0.0492           0.9953      0.3212
%      Z2*Z5             -0.0879           0.0764          -1.1516      0.2514
%      Z3*Z4             -0.3585           0.0731          -4.9066      0.0000
%      Z3*Z5             -0.4335           0.1672          -2.5927      0.0105
%      Z4*Z5             -0.1064           0.0782          -1.3605      0.1758
%      Z1*Z1             -0.4350           0.1116          -3.8968      0.0001
%      Z2*Z2              0.0279           0.0076           3.6796      0.0003
%      Z3*Z3             -0.0021           0.0917          -0.0234      0.9813
%      Z4*Z4              0.0700           0.0380           1.8448      0.0671
%      Z5*Z5              0.1780           0.1265           1.4073      0.1615

    
    
end
